lat: 47.1639662 long: 27.5974611
lat: 47.1639662 long: 27.5974611
